4445 2697 20 20  20 20 654  4348 3079 6821 7668 3276 8874 4190
1096 20   20 7586 5167 20 1443 5741 7621 7030 5526 4244 2348 4641
9607 7385 20  6084 1364 20 7623 1585 6935 8551 2574 8267 4781 3834
20 20 20 1094 6150 20 7358 7387 4497 955  101  1478 7777 6966
3620 8024 577  9997 7377 20 1314 1158 6282 6310 1896 2509 5436 1732
1074 5438 9008 2679 5397 20 2652 3403 770  9188 4248 2493 4361 8327
4295 1176 5596 1521 3061 20 7037 7129 8933 6659 5947 5063 3653 9447
510  3556 5377 1406 5721 20 2635 7847 4251 8293 8281 6351 4912 287
9444 3401 5891 9716 1228 20 109  3563 2700 6161 5039 4992 2242 8541
3327 4030 7177 6336 9933 20 2621 4785 2755 4832 2512 2118 20 20
6882 1265 1775 3648 4690 20  5837 20 20 20 9485 1360 20 578
7338 3423 4723 6533 848  20 7921 20 4094 20 7252 8852 20 2250
4420 1327 3560 2376 6260 20 9537 20 4829 20 9598 3228 20 7118
356  8296 8325 1058 1277 20 20 20 6079 20 20 20 20 5378
