4445 2697 5115 718  2209 2212 654  4348 3079 6821 7668 3276 8874 4190
1096 20   1318 7586 5167 2642 1443 5741 7621 7030 5526 4244 2348 4641
9607 7385 521  6084 1364 8983 7623 1585 6935 8551 2574 8267 4781 3834
7206 3114 7760 1094 6150 5182 7358 7387 4497 955  101  1478 7777 6966
3620 8024 577  9997 7377 7682 1314 1158 6282 6310 1896 2509 5436 1732
1074 5438 9008 2679 5397 5429 2652 3403 770  9188 4248 2493 4361 8327
4295 1176 5596 1521 3061 9868 7037 7129 8933 6659 5947 5063 3653 9447
510  3556 5377 1406 5721 4946 2635 7847 4251 8293 8281 6351 4912 287
9444 3401 5891 9716 1228 7107 109  3563 2700 6161 5039 4992 2242 8541
3327 4030 7177 6336 9933 5296 2621 4785 2755 4832 2512 2118 2244 4407
6882 1265 1775 3648 4690 959  5837 4520 5394 1378 9485 1360 4018 578
7338 3423 4723 6533 848  8041 7921 8277 4094 5368 7252 8852 9166 2250
4420 1327 3560 2376 6260 2988 9537 4064 4829 8872 9598 3228 1792 7118
356  8296 8325 1058 1277 4743 3850 2388 6079 6462 2815 5620 8495 5378
